PREPRIO 2
0000:    0  400   50   50 2 |  3038  3038   488  2150
0001:    0  300   40   40 5 |  1606  1606   385   921
0002:    1  200   30   50 3 |  1831  1830   312  1318
0003:    1  301   20   10 2 |  2595  2594   125  2167
0004:    9  302   20   20 5 |  1477  1468   296   870
0005:   10  303   15   30 2 |  2646  2636   480  1853
0006:   10  304    5   40 2 |  3174  3164  1681  1179
0007:   11  305   20   40 4 |  2051  2040   595  1140
0008:   20  306   20   10 2 |  2535  2515   155  2054
0009:   50  307   20   10 1 |  3026  2976   145  2522
SUM: 3174 95.40 81.66 2386.70 1617.40 0.315
