PREPRIO 4
0000:    0  400   50   50 2 |  2938  2938   333  2203
0001:    0  300   40   40 4 |  1851  1851   375  1176
0002:    1  200   30   50 2 |  2439  2438   266  1972
0003:    1  301   20   10 4 |  1498  1497   152  1042
0004:    9  302   20   20 4 |  1762  1753   350  1099
0005:   10  303   15   30 1 |  3192  3182   606  2273
0006:   10  304    5   40 3 |  2591  2581  1814   463
0007:   11  305   20   40 3 |  2321  2310   624  1381
0008:   20  306   20   10 3 |  2157  2137   129  1701
0009:   50  307   20   10 1 |  3040  2990   149  2532
SUM: 3192 94.86 83.99 2367.70 1584.20 0.313
