PREPRIO 4
0000:    0  400   50   50 2 |  8607  8607   458  7749
0001:    0  300   40   40 4 |  6128  6128   251  5575
0002:    1  200   30   50 2 |  7096  7095   399  6494
0003:    1  301   20   10 4 |  4323  4322   177  3840
0004:    9  302   20   20 4 |  3730  3721   269  3150
0005:   10  303   15   30 1 |  9259  9249   667  8279
0006:   10  304    5   40 3 |  3808  3798  2225  1269
0007:   11  305   20   40 3 |  6425  6414   652  5457
0008:   20  306   20   10 3 |  6482  6462   194  5960
0009:   50  307   20   10 1 |  9127  9077   137  8633
0010:   50  307   20   10 1 |  9170  9120   113  8700
0011:   50  307   20   10 3 |  6689  6639   152  6177
0012:   50  307   20   10 3 |  5859  5809   186  5316
0013:   50  307   20   10 4 |  4944  4894   156  4431
0014:   50  307   20   10 4 |  4440  4390   175  3908
0015:   50  307   20   10 2 |  7650  7600   173  7120
0016:   50  307   20   10 2 |  7772  7722   195  7220
0017:   50  307   20   10 2 |  7554  7504   147  7050
0018:   50  307   20   10 4 |  5071  5021   135  4579
0019:   50  307   20   10 4 |  4821  4771   186  4278
0020:   50  307   20   10 1 |  9158  9108   123  8678
0021:   50  307   20   10 1 |  9161  9111   182  8617
0022:   50  307   20   10 3 |  6581  6531   154  6070
0023:   50  307   20   10 2 |  7592  7542   156  7079
0024:   50  307   20   10 2 |  7614  7564   188  7069
0025:   50  307   20   10 1 |  9155  9105   143  8655
0026:   50  307   20   10 3 |  6331  6281   168  5802
0027:   50  307   20   10 1 |  9066  9016   146  8563
0028:   50  307   20   10 3 |  6466  6416   203  5906
0029:   50  307   20   10 4 |  4656  4606   164  4135
SUM: 9259 99.02 63.66 6787.43 6191.97 0.324
