PREPRIO 2
0000:    0  400   50   50 2 |  8903  8903   350  8152
0001:    0  300   40   40 5 |  5300  5300   309  4690
0002:    1  200   30   50 3 |  5918  5917   287  5430
0003:    1  301   20   10 2 |  8210  8209   168  7740
0004:    9  302   20   20 5 |  4221  4212   263  3647
0005:   10  303   15   30 2 |  8211  8201   565  7333
0006:   10  304    5   40 2 |  7834  7824  1939  5580
0007:   11  305   20   40 4 |  5972  5961   522  5134
0008:   20  306   20   10 2 |  8130  8110   140  7664
0009:   50  307   20   10 1 |  9136  9086   125  8654
0010:   50  307   20   10 4 |  5675  5625   156  5162
0011:   50  307   20   10 4 |  5307  5257   236  4714
0012:   50  307   20   10 1 |  9187  9137   184  8646
0013:   50  307   20   10 4 |  6129  6079   133  5638
0014:   50  307   20   10 1 |  9156  9106   167  8632
0015:   50  307   20   10 2 |  8319  8269   165  7797
0016:   50  307   20   10 2 |  8346  8296   139  7850
0017:   50  307   20   10 4 |  5909  5859   167  5385
0018:   50  307   20   10 2 |  8429  8379   128  7943
0019:   50  307   20   10 1 |  9178  9128   184  8637
0020:   50  307   20   10 4 |  6117  6067   148  5611
0021:   50  307   20   10 5 |  4012  3962   160  3495
0022:   50  307   20   10 4 |  5592  5542   138  5095
0023:   50  307   20   10 5 |  3955  3905   185  3413
0024:   50  307   20   10 2 |  8320  8270   174  7789
0025:   50  307   20   10 2 |  8092  8042   176  7559
0026:   50  307   20   10 3 |  6835  6785   144  6334
0027:   50  307   20   10 5 |  4050  4000   134  3559
0028:   50  307   20   10 2 |  8335  8285   142  7835
0029:   50  307   20   10 2 |  8375  8325   154  7863
SUM: 9187 99.79 59.12 7001.37 6432.70 0.327
